Micro AUC: 0.9963995293391025
Macro AUC: 0.9967571204218876
Accuracy: 0.9202578893790295
Precision: 0.9221353281196872 
Recall: 0.9202578893790295